1,1,1,Mr,Male,
1,1,1,Mr,Male,
1,1,1,---,,
1,1,1,---,,
1,1,1,---,,
1,1,1,---,,
1,1,1,---,,
1,1,1,---,,
1,1,1,---,,
1,1,1,---,,
1,1,1,---,,
1,1,1,---,,
1,1,1,---,,
1,1,1,---,,
1,1,1,---,,
1,1,1,---,,
1,1,1,---,,
1,1,1,---,,
1,1,1,---,,
1,1,1,---,,
2,2,2,---,,
2,2,2,---,,
2,2,2,---,,
2,2,2,---,,
2,2,2,---,,
2,21,2,---,,
2,2,2,---,,
2,2,2,---,,
2,21,2,---,,
2,2,2,---,,
2,2,2,---,,
2,2,2,---,,
2,2,2,Mr,Male,
1,1,1,---,,
1,1,1,---,,
1,1,1,---,,
1,1,1,---,,
1,1,1,---,,
1,1,1,---,,
1,1,1,---,,
1,1,1,---,,
1,1,1,---,,
1,1,1,---,,
1,1,1,---,,
1,1,1,---,,
3,3,3,---,,
4,4,4,---,,
3,3,3,Miss,Male,
2,2,2,---,,
2,2,2,---,Male,
1,1,1,---,,
1,1,1,---,,
2,2,2,---,Male,
1,1,1,Mr,,
1,1,1,---,,
3,3,3,---,,
3,3,3,Miss,,
1,1,1,---,,
1,1,1,---,,
1,1,1,---,,
1,1,1,---,,
1,1,`,---,,
1,1,1,---,,
1,1,1,---,,
1,1,1,---,,
1,1,1,---,,
1,1,1,---,,
1,1,1,---,,
1,1,1,---,,
1,1,1,---,,
1,1,1,---,,
1,1,1,---,,
1,1,1,---,,
1,1,1,---,,
1,1,1,---,,
1,1,1,---,,
1,1,1,---,,
1,1,1,---,,
1,1,1,---,,
1,1,1,---,,
1,1,1,---,,
1,1,1,---,,
1,1,1,---,,
1,1,1,---,,
1,1,1,---,,
1,1,1,---,,
2,2,2,---,,
1,1,1,---,,
1,1,1,---,,
1,1,1,---,,
1,1,1,---,,
1,1,1,---,,
1,1,1,---,,
1,1,1,---,,
1,1,1,---,,
1,1,1,---,,
1,1,1,---,,
1,1,1,---,,
1,1,1,---,,
1,11,1,---,,
1,1,1,---,,
1,1,1,---,,
2,21,2,---,,
1,1,1,---,,
1,1,1,---,,
1,1,1,---,,
1,1,1,---,,
10,10,10,---,,
1,1,1,---,,
1,11,1,---,,
1,1,1,---,,
1,1,1,---,,
1,1,1,---,,
1,1,1,---,,
1,1,1,---,,
3,33,3,---,,
3,33,3,---,,
4,4,4,Mr,,
3,33,3,---,,
2,2,2,---,,
2,1,2,---,,
3,1,3,Mr,Female,
1,1,3,---,,
1,1,4,Mr,Female,
1,1,3,---,,
1,1,5,Miss,Elf,
1,1,4,---,,
5,1,5,Mr,Elf,
1,1,1,Mr,Female,
5,1,1,Mr,Other,
6,1,1,Miss,Monster,
6,1,1,---,Monster,
1,1,1,Mr,Male,
