user|pass
joe|12345
ryan|12345
evan|123
josh|1
right|right2|2
2|2
3|3
1|1
1|1
1|1
1|1
1|1
1|1
1|1
1|1
1|1
1|1
1|1
1|1
1|1
1|1
1|1
1|1
1|1
1|1
1|1
1|1
2|2
2|2
2|2
2|2
2|2
21|2
2|2
2|2
21|2
2|2
2|2
2|2
2|2
1|1
1|1
1|1
1|1
1|1
1|1
1|1
1|1
1|1
1|1
1|1
1|1
3|3
4|4
3|3
2|2
2|2
1|1
1|1
2|2
1|1
1|1
3|3
3|3
1|1
1|1
1|1
1|1
1|`
1|1
1|1
1|1
1|1
1|1
1|1
1|1
1|1
1|1
1|1
1|1
1|1
1|1
1|1
1|1
1|1
1|1
1|1
1|1
1|1
1|1
1|1
1|1
1|1
2|2
1|1
1|1
1|1
1|1
1|1
1|1
1|1
1|1
1|1
1|1
1|1
1|1
11|1
1|1
1|1
21|2
1|1
1|1
1|1
1|1
10|10
1|1
11|1
1|1
1|1
1|1
1|1
1|1
33|3
33|3
4|4
33|3
2|2
1|2
|3
1|3
|4
1|3
1|5
1|4
1|5
1|1
1|1
1|1
1|1
1|1
